Ricci Lam 
A12992490 
Sim ID, landing time (s), traveling distance (m), landing velocity (m/s), landing acceleration (m/(s^2)) 
1, 19790.000000000, 145155560.657081070,   320.189398752,  -172.660733276 
0,    -9.347592056, 2, 13885.000000000, 101704703.727346540,   275.815678427,   232.602637275 
0,    -8.750806016, 3,  9157.000000000, 71194217.415093526,  5843.767729574,   134.367944620 
2.738258e+02,    -9.194916260, 4,  6032.000000000, 46534427.759073384,    84.249318960,  -353.620738590 
-3.343276e+01,    -9.542451074, 5,  2517.000000000, 18990089.768647578,   139.197059525,   124.136902234 
-3.130201e+02,    -9.458776242, 6,  1722.000000000, 12766297.834973702,   -85.789318680,   124.802104939 
3.319640e+02,    -9.519045753, 7,  1105.000000000, 7672627.002928001,   197.902944806,   128.596457885 
-2.703221e+02,    -8.384094688, 221103e+02], -8.384094688e+00 
